11.7135062500000	1.76898727518900	3.48196446103350	3.92127233903750	5.33689724853975	6.35098221233700	3.79077719698125	5.34369905761650	2.58430273826100	4.58399909017400	2.49864985825000	2.61227012277000	4.62321664493650	3.01030906317000	3.04956896212925	3.71000796264900	3.56196441627600	3.40853211490400	6.95627454291375	3.17007894571875	3.94210520948000	3.09563347627300	3.81028040221625	3.43151506795425	2.11528254013400	3.74837006661675	5.20110101745300	3.76262778441400	5.74874997973800	2.16177984138150	3.34414186797600	3.36864646623750	3.54787773483600	3.58531611461000	4.38620641544125	3.29721692330000	2.13077116792800	4.88760981059450	2.84449105806650	2.51223118531875	3.08661200174100	2.99690779006150	4.20247344737250	6.63742349775875	2.91993462810700	1.62146779844400	3.89747024860200	3.62098708389700	3.03118390099200	3.66975999102000	3.88504085049750	4.41484473521375	2.92623755476000	3.02998877220600	2.43536857559025	2.10102351802200	4.34615582075625	3.70280378564850	3.27598546679625	3.37212060731325	3.37216463709125	3.09312658332350	2.57576770296950	2.77744880966500	3.91085618754150	3.55470823849500	1.68494731401500	5.14847069272000	4.01927764239000	5.42758612955500	2.85616223552100	2.50244467833500	3.32710376354300	3.25211908504050	2.83169817026925	2.39975171671275	2.98931671654850	3.10268195142750	3.69724506998400	5.58129750226150	3.83882077859500	1.46823121033875	3.13392123053525	3.70473736740900	2.71562787455700	3.27578019996300	2.42115503405400	3.95346721608150	2.34323803010850
1.76898727518900	9.28786576000000	1.19651985549464	2.29167812187460	3.00582096024444	3.33685352960176	1.37283320716740	2.03830751436508	1.09430631437136	2.60886716754496	1.90131146606240	2.52481688082444	1.61043506142272	1.17577903579224	1.55135613283976	2.23459954406556	2.41422631045792	1.67835870729728	3.59692786328892	0.653451093048000	1.95087363644928	3.05925438201680	0.726183961740920	1.35888308605144	0.746896388173160	1.76887069626048	2.16994654746360	1.49399063476684	3.39309268560960	0.862098847734240	1.35065325863104	1.35217497285360	0.0479272305100800	1.62216376769880	0.744446158306240	1.94454933403356	8.41656411721216	2.78253921305932	1.60926665485864	2.17542608350200	0.709874583141840	3.07509232097192	0.757207670622480	3.29444737300380	0.713833038248960	1.19666202298704	1.25051252710500	2.22738612507352	2.85775954689120	1.58135647988880	1.73788003951520	1.17008702138660	1.40282964140280	2.22294889688256	2.73744999604964	1.46390540504832	1.73527596436220	1.52293846267988	1.76921346806100	1.23730927979724	2.17040005716248	1.10694305459124	0.880112194045360	1.02564631957520	1.15757673767160	1.76036986619100	1.25962434550816	2.35196994314360	1.87872250613952	3.18698158828820	0.904906490889560	0.408346699474320	1.85356673193552	1.99621071385268	0.717487224933960	1.57168622809968	1.80602009546576	1.46807997461424	1.98474904164096	2.85322725369440	1.62901040528800	1.04932057770540	2.09160495435876	2.23510076059008	1.57701890151312	1.91401548052848	0.481598132240480	1.15452692633304	1.01086863456488
3.48196446103350	1.19651985549464	13.0039572100000	1.29276517445412	3.29924001170586	3.53647889525980	2.97529836513165	2.32394259241263	1.77070232377740	2.92344826363240	3.15150139212370	2.57673209922123	2.48446268401370	2.38257022940289	1.47507961670274	3.47412370121544	1.70282576583446	1.80457397824832	3.25779876748224	1.71729283104600	2.27589705262688	1.28511349616224	1.91120359477877	2.10952944052785	1.03036795993700	0.431987063040910	3.20942286674512	2.12017790079066	2.94644885509056	1.53525025700370	2.44929059848200	3.29024811985800	6.91109912577744	2.10387515253778	1.54380691854548	1.07301479154591	1.18558859801824	1.61883529270453	2.26283954194700	2.69117875861065	2.36817521082386	0.275623642133200	3.18840243456114	3.02229366399279	2.55112765726644	2.10986676053100	2.62414176169080	1.67669857460842	0.332357247941680	1.97497551985440	2.67842771702720	2.16055712584585	1.68065147252420	1.30967594722800	2.91361144488465	0.844342705920240	2.64332450439940	1.17119033070372	1.15762419440385	1.05883673108850	1.52603403941131	1.95987943793193	1.00602635508988	1.12716943039020	1.95415041424058	1.42174831539825	0.714539595894320	2.39891140389676	2.76095067586200	2.23951752653510	1.96945151773306	2.31321142624632	1.68945677393976	2.27428813233245	3.21830874213786	1.98892073010749	1.76870825289064	2.73407841749666	1.09459716914448	1.78244535907944	1.91106601052425	1.67554832390946	1.60106829403763	1.94861241756636	1.44706391307036	1.90227114768636	1.81168163704871	2.67974305390233	2.07473824209645
3.92127233903750	2.29167812187460	1.29276517445412	20.0068344100000	5.09260655201475	5.45136101294232	3.88369382209065	7.74188625781333	5.27987670945492	3.04053729656712	2.94302367165520	4.15528555657341	6.08353437368937	4.08242671346028	3.84107178700313	2.63383934222013	2.48216243860856	3.85202586855936	4.74034992748656	1.95320929926525	4.18311402015744	3.36516454271196	3.99187535286409	2.24197564532232	2.11513618377413	5.07746615631816	4.48095156799162	5.72183838030133	5.73444382970016	2.81055811284378	4.93925087331312	3.12534207697110	2.55661935182976	3.74372020049764	4.96091993845066	4.05019255296230	2.81960839531488	4.56341343308793	2.32194503475366	3.10207266904500	2.24819762903290	4.05703538950616	4.06907015545998	5.37252086615826	4.46556031282956	1.09146449272932	5.39899075614453	4.13370224363822	6.55426388644976	3.66401774031960	3.53114498121630	5.63412629317310	3.35504083401810	4.80622946453496	3.08683792244310	3.93380657584272	5.69371985809810	3.86065844926396	3.33986883996675	3.64921613325126	3.13308159935628	2.16146730901334	3.42794024499236	4.97678906572460	2.76006276645918	1.29866144382315	1.63107854992248	4.70404154640596	2.10474483329400	4.57215947471580	7.93943910557393	4.58763521848596	3.31983556758672	2.87900220097317	2.90069844747672	0.988076061211730	2.62385999950480	3.34668153497938	2.75174143876314	4.66473005042498	3.11096677573970	7.01509246822098	3.29717083401460	4.66422971093640	3.79810642418844	3.32182480129830	5.34639232150988	4.96051953428304	6.27346604484215
5.33689724853975	3.00582096024444	3.29924001170586	5.09260655201475	13.7248020900000	7.99162035441588	2.92035874857345	5.64044437705455	2.59223373001386	4.66898302904376	3.08258671875420	1.90504144277892	4.77051424915260	3.42936901106703	3.42299448789255	2.71966645464255	2.49126510008997	4.07869233391968	8.73177117588765	1.95582600348525	3.96127427992032	4.25027281517526	3.19931190642264	2.53939203164187	2.29366515370278	4.02256481412165	5.34433309083600	2.90220427299951	7.71081613172712	3.29457235496238	3.80106883328172	3.11983733277090	3.20507807636448	3.31882300404006	3.03001723988586	2.93340057477012	3.26125300557888	6.43875969056697	4.05633870018708	3.33849081251700	2.63912495443512	4.01686170298992	3.88223970163254	6.38549688672585	2.78168370131400	2.57365368665964	3.28656626523675	3.86990327661924	3.19316043878952	3.27199399635060	3.74273471006700	3.84258908218800	2.70150585038340	2.90188431695448	2.06884099078560	2.77318498614480	4.64710627244550	4.51017624298812	3.00727230536610	2.87584867191609	2.92740481641894	2.65389059902905	2.10360310224180	4.03122650830560	2.65821912716406	2.96580978828180	2.05975776583296	6.01970320765122	3.41164209825432	6.37131831075165	4.96473468002793	2.89907182578300	3.68162567171196	2.55132517486821	2.13885794917116	2.86658451941814	2.28462168610866	2.94922847947962	4.69323478064016	5.52779472985611	3.46396023434445	2.24417914184178	3.02833095862041	4.38899429529216	2.29194789262452	2.92856126890248	2.10965900899077	4.29780935869623	3.20467508798976
6.35098221233700	3.33685352960176	3.53647889525980	5.45136101294232	7.99162035441588	14.1406081600000	3.37978825421580	6.02467343765812	3.02534220644040	5.18103196458400	4.05130532240280	2.11788904184256	5.27751509655916	3.73702176693048	3.39373880198276	3.03827313979728	4.21515900989596	5.37382920983552	8.37508669918452	2.54867084335500	4.52574584887040	3.31128872471096	4.19166055759052	3.29855179941504	2.12990521841524	4.39788616266300	6.80186633911120	2.95647884432208	7.58786210118720	2.08942315378272	5.01282192325824	3.43515517108680	3.24141977748288	4.50319301758424	4.08417354834664	3.98943460533576	3.74285959314176	8.26515655166796	3.80657718253568	4.28562253051380	3.99570908167424	3.87259565840672	4.00463687068200	9.32009243091136	3.27554439367904	1.87785338104224	3.32472235247628	4.51235956190880	4.44954341109040	4.06868336797440	4.43116063928440	4.70112128764740	3.30452711788360	4.43165656459680	2.65480713271256	3.39852508986816	6.33197346178460	5.13976718735704	3.60548264890380	3.84767504952012	4.90571302261040	3.03905116655728	3.14879556761168	2.87621171798240	3.73958253164328	4.40028816704820	2.43198937859360	7.34240314186960	4.33124587043232	6.74016091644280	3.34453078330000	2.64469067299192	4.02929002224672	3.34735323500088	2.39445238666536	3.00096220769940	1.97643915985544	3.40250508970736	5.89481399930976	7.40301441072704	4.26002859192400	2.87876771149968	3.89789227909032	6.38841893883984	2.02318991093856	3.39490761063888	2.97714576506480	4.37803159135524	4.30208641532460
3.79077719698125	1.37283320716740	2.97529836513165	3.88369382209065	2.92035874857345	3.37978825421580	8.32034025000000	4.74809677872390	3.43678814624430	2.79999205353000	3.68798367379050	2.83768205519655	3.04697005382250	2.95725922826445	2.84006315456415	3.48744431953170	3.04281407949120	3.41630063481600	3.95860109741055	2.08780229706750	3.29675596140960	2.29459064308740	3.10954732563150	1.86289911682380	2.42226551252295	2.88118449252945	3.46009493508930	2.59953194312055	3.62505240979560	1.67796610751700	4.10562882327780	3.12013107245700	2.67004415396160	2.97342581667120	3.58396245836325	3.52464475693545	1.66648829780160	3.49831058813280	1.97173627470180	3.76061663854800	3.05830870891200	2.72317656377250	4.30329082359690	3.48193718771040	2.07328250692080	1.86871709101860	2.35177920795330	2.32730961773760	3.23953063474500	2.44457103632400	4.09170845011500	2.39434809964875	2.49046750712250	2.65184781645960	2.57181606305010	1.44516923861040	3.70259975979675	3.91195772283555	2.53503199081800	2.96541915598890	1.88071183601730	1.54549355768865	3.87646619361120	2.82970752640200	1.43007945337980	1.91227941489825	1.95042487565340	3.07321719120270	2.05348384351440	2.92552914819150	1.70805502564290	3.20020614759510	2.74884901125660	2.71938061975095	2.47552416449550	1.34692168193910	2.17570336973010	2.88344097774720	1.94525233140960	3.22295974904925	3.02788060012350	3.27091949548650	2.09605938773220	3.73131162310320	3.58772264035380	2.50141121877960	3.06940372499745	2.11919274889920	3.11513263836390
5.34369905761650	2.03830751436508	2.32394259241263	7.74188625781333	5.64044437705455	6.02467343765812	4.74809677872390	20.7598696900000	7.40603188811724	5.14951177235712	3.76127481703330	2.56746113050350	10.0614190999704	5.47421484748845	3.59981113580487	3.58672060523679	2.67987517423521	6.56590354426048	5.78271043997934	3.98026106996700	5.08852618529248	4.26254226059648	4.54076753730523	5.09095977620076	3.73624713357847	3.94900359397257	5.01676371305928	6.08807397034018	7.32657915970008	3.94314995452518	5.34748443439028	3.33303952977660	2.87312172889056	5.14737653252914	6.97332040152580	4.89616679464458	2.23545038304224	6.03553794548761	3.15655006828364	3.61000816527645	4.01170214525934	4.64568157680452	5.74682742326070	5.77627675939356	5.56933442302384	2.04502991401296	3.38347195329276	3.20981590532316	5.84214528760520	3.86859938846220	4.40680842576940	3.83239177774215	2.88758969820440	6.72487772467896	1.88353188101631	3.77788080734064	5.13939870273690	6.59782157896001	2.27960612513550	3.35866537659744	2.92209541377754	3.40120271546314	3.45561951944566	9.22273169419000	3.67895196042738	2.95574064885855	3.14484328055800	6.33562735857688	2.84601077795496	5.27564780564080	5.87914082839685	4.81135034794946	4.60620964641180	3.40498849410258	2.27447709321357	3.52220715663992	4.13483260522416	5.00136434307692	3.44962839865770	6.00612511989791	3.99121055825905	7.58718187497270	2.20978160767406	6.63103324108932	4.08355394557656	3.42818159657568	6.89003528716524	3.49916643460839	6.11503136849822
2.58430273826100	1.09430631437136	1.77070232377740	5.27987670945492	2.59223373001386	3.02534220644040	3.43678814624430	7.40603188811724	10.9971824400000	3.10409482661040	3.88204480440840	1.21990265748558	5.80313748994512	3.83186975097006	2.46193182942630	2.04887721592530	1.88116672790328	3.64552299294912	2.70733336927074	2.97578115970200	3.13269445966848	3.01173849875928	3.05719281249744	2.09667213380088	3.50005577714670	2.53895054424888	3.53292399465708	3.79298130265320	4.11885888451200	2.33198129382516	4.28987427855168	3.66502458488040	1.45597060618560	3.41497323719568	3.93384858062580	4.25276809241064	1.12532309642688	3.99323640443586	1.01690028960732	3.27703660653600	3.07002868590408	3.30113338318764	4.36634437086324	3.40636377546270	3.62020007588736	1.78744427289144	3.96506238674544	1.09360370908764	4.59507503770824	2.27056527712080	3.25563971146140	2.44068007613520	2.69192051166420	3.97530727197120	1.50756432733098	3.15518998195728	3.61829145422160	4.32636192308928	2.29264169805360	2.90849177707218	0.606283220065380	2.33363468681088	2.39218230923520	4.53521500393080	1.25657708466684	1.20888020759130	1.68047806911720	3.60973960715256	1.30586230912320	4.00801759889880	2.58317727005562	4.88764736635944	2.42585648571336	3.75674283041958	2.21718020210568	1.76684117528436	2.12789279583240	3.24154636884000	1.93668418451592	3.61975724513064	2.95336662896580	5.40512659224252	0.908048547240660	4.26561658064208	4.03356670733016	2.16668231029656	6.49314828612486	2.63772367764750	5.37856863176850
4.58399909017400	2.60886716754496	2.92344826363240	3.04053729656712	4.66898302904376	5.18103196458400	2.79999205353000	5.14951177235712	3.10409482661040	15.4103353600000	2.27152542028160	1.33490452200336	3.94627962231048	3.44912356367040	1.62219746094784	1.85397006870264	1.13411016640376	3.16152875315200	5.40953107770096	2.69147255122200	2.95362342478336	4.04568459627024	3.67990536450992	2.76418148120408	2.55517115178640	2.39016658403096	3.91707529972528	2.16303626443184	9.12941556128448	2.66618952931968	1.40326174145248	2.95785193742640	2.72028464905344	6.34757864893600	2.26171108621304	2.74413791051456	2.83610401261824	5.64730568015040	2.75374342425392	2.44798494418800	2.00575551841504	3.37826054816320	2.65533307681824	4.94558093615880	3.82667450471264	2.17113291257184	2.17354236694728	2.83792561663744	3.55570336813440	2.86478314920000	2.39659098113680	2.77469128870080	2.40060617118000	3.42601774587072	0.701311028148080	2.87399858941440	4.07220597970480	3.60917050767336	2.37822184254480	3.52938571313328	3.40561553668336	2.99282557693560	2.01173607423040	3.71300438202400	2.96387648665584	2.55680393640840	1.79629130759232	4.26723722593168	2.21100089005824	5.28112994198440	3.15567627592504	2.08634280491280	3.81058667517248	2.69882068126384	3.06157219117344	4.02275081867568	2.19730286687296	3.70363914797968	3.98391724464048	5.39990218662104	3.74423164087560	1.97418984418656	2.43261367914712	1.55028639660384	1.78028618887392	2.12958156164880	2.38822147239200	3.52026159964752	1.87561957173248
2.49864985825000	1.90131146606240	3.15150139212370	2.94302367165520	3.08258671875420	4.05130532240280	3.68798367379050	3.76127481703330	3.88204480440840	2.27152542028160	12.7949290000000	3.86840599851090	4.14571533405120	2.89466761978170	2.16524835879870	3.98260102206120	2.92905012687840	3.47386078200000	3.97813619635320	2.25832757514000	3.25874665235840	1.87254243771000	2.58960629642960	2.46545822065900	2.67506173892230	2.82362945642750	3.61382649198900	3.39905076550550	4.72148804904000	0.906075500475600	4.57523342720080	2.41220690657100	1.80412832507040	2.50744045665260	2.83617132698550	1.59833903273170	2.27966487519680	2.96987921569290	2.60214922291800	4.50355646780550	2.96514254048880	1.62122059558620	3.15818111304360	3.51203848645440	3.14056742420120	2.84474671697160	2.96504892324480	1.28754253072200	3.53587186003520	2.62521688098600	2.77966096706200	2.71849875619700	2.15407254776000	3.11067167518800	4.18162916772510	1.45133734263840	2.18746153559500	4.58394769421190	1.88873463676800	2.21976826237530	1.80746749463280	1.69969124377150	2.63724336236060	3.13051506122600	1.09146829490860	2.85479445166650	2.33919184835000	3.51151976064540	2.25766613346960	2.30652021713400	2.33057993325920	3.52137735024740	3.12402304516960	2.61804680666340	2.32393005632340	2.41788421509180	1.64582672636200	3.45692207091140	3.05227898805060	3.62254721011960	1.98795513322700	3.51204148254960	1.48296053691170	3.20532849554400	3.49762379169840	2.27689003103940	3.89008460410360	3.34787168764230	5.71452402978170
2.61227012277000	2.52481688082444	2.57673209922123	4.15528555657341	1.90504144277892	2.11788904184256	2.83768205519655	2.56746113050350	1.21990265748558	1.33490452200336	3.86840599851090	13.6803816900000	1.70574106295853	1.79476687193634	2.46675731097261	8.48248580737674	8.24831566256151	3.43285627482144	2.07414542201445	2.42696345890050	2.64263512711488	2.11359200018460	1.95088301554935	2.28329490177399	1.93932726885360	2.30980779550884	3.01445865839778	2.20421777394504	2.22270635023560	2.06678363124870	3.70860041977152	2.19331331394840	1.26097012472400	1.76903293144902	2.47233319258050	1.37626645976280	2.54418591193728	1.95025957747215	3.11385812952432	3.54111198572250	1.84032875382108	1.70961005221614	2.61295083447696	1.95923998260567	1.43861145402576	0.856151774190000	1.14419892714228	3.32554749547776	1.88661248509392	2.10446695220940	2.93124784902390	1.42886839100730	1.39940765001660	1.93798504021320	7.07116719269457	1.04587282097496	2.64754337820810	2.28009164189925	2.15061543792765	2.56965053898150	2.90263768586649	1.31822503758252	3.94356231163758	1.76585401493820	1.61247619388370	2.70179264015730	3.02710654428408	2.47477924201566	3.20098514760936	2.25595646485680	1.52893311734337	2.39888205264834	1.45329256782360	2.69543610537936	1.89488434358376	1.50164121894906	3.21739625361846	3.43475068238484	2.08740126580884	3.08294832331359	2.25076804130715	1.92929282927667	3.01851519245811	1.73202973780068	1.77720538293792	2.25946396573848	2.05885671943878	1.70220756095559	0.919514500525740
4.62321664493650	1.61043506142272	2.48446268401370	6.08353437368937	4.77051424915260	5.27751509655916	3.04697005382250	10.0614190999704	5.80313748994512	3.94627962231048	4.14571533405120	1.70574106295853	14.7171976900000	4.60951297622322	4.29182865020676	3.32254756842840	2.86613819619647	4.40840126864384	5.56476761835150	4.10268055888275	4.14123584920032	3.85080500272988	4.27776985903878	3.25848286839608	3.22485789531464	4.18472313129897	4.54706358329808	5.58155740013430	4.83484946511216	3.53871704123028	4.89678122224200	4.07105454477540	2.59645580909520	4.11173613620926	4.80637547823004	4.71739158477249	1.90627860954752	6.35449428168282	2.15643223975998	5.29065953132535	3.33771963851118	4.44073903033930	4.70695367193246	5.34806920532911	4.52188955405460	2.73296864485944	4.85445919670322	2.22774434655084	5.79547372724580	3.78232154033760	4.03364155843480	3.89420261476870	3.87750344639190	5.39628298703208	2.50139581796949	3.15576316762200	4.76842462996965	5.95569200213806	4.08351899997015	3.67475375840508	2.06645474920599	2.91089546776314	2.82183002185656	7.39354901881180	3.19844430536748	2.18108181533580	2.00170964722560	5.36016156320892	1.82093400558888	5.91777548339185	4.03663313509794	4.93267958670344	3.84906802736820	3.97844942503749	2.83841821374696	3.39068206601111	3.08339673357118	3.30358275109226	4.05752049039402	6.35921447594446	4.29657119475220	5.74666352595621	1.86615471025178	5.41709882602356	4.19615250364908	3.16582918532010	5.52814039908936	3.32509064632758	5.37622814719900
3.01030906317000	1.17577903579224	2.38257022940289	4.08242671346028	3.42936901106703	3.73702176693048	2.95725922826445	5.47421484748845	3.83186975097006	3.44912356367040	2.89466761978170	1.79476687193634	4.60951297622322	8.64889281000000	3.28514206614495	2.24899793843742	2.23738848835773	4.16345526194304	4.23235961138412	2.82048211446300	3.10776991275360	2.43144857470062	3.23183136252807	2.77795864116291	2.88482557296225	2.90780332902660	3.46494355409856	4.77255294696639	4.79145016134360	2.47591418630490	3.20559524336688	2.74789438246890	2.38603562097840	2.57664485849628	3.07165785937044	3.38467911025380	1.25472353195904	4.68396510559455	2.13860453168730	3.95208624396915	2.92100362396458	1.84041133389474	3.61320189650424	4.01700327119493	2.40501738946560	1.89810516134160	3.11238629200845	1.23111543603456	3.25559337721812	2.78883838925280	3.03969624463290	3.46361122229070	2.11597584427800	3.60483439841712	1.64510135622915	2.72466845708760	3.58701773128245	3.68611548462969	2.49940772182260	2.70505363105458	1.12580197290132	2.27836101981300	2.77110520162326	3.90956466637320	1.51831722652830	1.71002178401760	1.91383516728792	3.71474215082304	1.72719579774384	3.74953313722170	1.55365562146572	3.52675173358350	2.50309916891160	3.99792695100819	2.47743596000943	2.74038233631468	2.49342847274838	3.83477413146204	2.47862123240688	3.02301994529358	3.23536023725325	4.45410668608191	0.857158519230510	2.80917159304608	2.77009536420396	2.22341665918608	4.27537987474626	3.33478328119677	4.34427113718234
3.04956896212925	1.55135613283976	1.47507961670274	3.84107178700313	3.42299448789255	3.39373880198276	2.84006315456415	3.59981113580487	2.46193182942630	1.62219746094784	2.16524835879870	2.46675731097261	4.29182865020676	3.28514206614495	8.56206121000000	2.98330076753304	2.54800453012111	3.31638158874752	3.24459376677684	2.42385164303100	2.54786751051424	3.61840148567686	2.38469140327948	2.70491057593798	2.49472404953979	3.89400986384814	3.51464468456370	2.74426377413529	3.68680291514616	2.64833031658572	4.39633344089940	3.17246174005530	1.14259764350640	2.68439263398958	2.80048542559466	3.38307347267499	1.74680604275840	4.18073584689979	1.91692360066690	2.75061890518065	3.13420467852286	1.81181710198598	3.48863543491446	3.12441168107319	2.05498158269516	1.84897135914948	3.18261010883865	2.11184740658384	3.13660526559336	2.35253306450160	3.46704988606880	3.67712450699120	2.57779781667950	3.23868662749368	1.84048092389311	1.69230323774232	2.68251335123895	3.36807004561914	3.76546487344530	3.30557512983282	0.830928049900520	1.98355753728041	2.87907629487952	2.89474359052900	2.24504966904100	1.88723531837745	2.00907452064096	3.55464786349882	1.94264627334912	4.05485151387240	1.24495710809553	3.19241550241836	1.71514766679004	2.52599288727521	2.59945286244843	1.85233011375853	2.54825755554770	2.56644069617624	2.57098935549510	3.18214767443207	3.63622295303015	2.41438935194028	1.27669007620509	2.69630009889216	2.59297720095492	1.73973356717886	3.60172329855598	3.11975706738072	2.73437136799771
3.71000796264900	2.23459954406556	3.47412370121544	2.63383934222013	2.71966645464255	3.03827313979728	3.48744431953170	3.58672060523679	2.04887721592530	1.85397006870264	3.98260102206120	8.48248580737674	3.32254756842840	2.24899793843742	2.98330076753304	12.1919688900000	7.79349263819661	3.55402046496576	4.16076083220294	3.03941484399150	3.63254420568192	2.77055909005896	1.88380567695423	2.17103073105501	2.13444488595930	1.87238592824619	3.11930066335734	1.92120207516201	3.27766050791640	2.23746418921608	4.64762096921304	2.73980246178240	1.56585860814816	1.42570391684532	3.30968824488420	2.23840767518802	2.44768075025760	2.88391654116000	3.02800519467654	4.39597595123190	2.58627903933066	2.88646548984174	2.92527581425416	2.35720713662343	2.20608989596968	1.65561925400352	1.51972908345504	2.17252559800818	2.43727692982140	2.24358415326000	3.72246757034400	1.83110409093210	1.42140847429410	3.98642935546152	7.40891723630994	0.636902764739280	2.61465945367365	2.25416797746543	2.34465048445950	3.08368639915011	2.19192613929861	1.58957169154305	3.15648795622224	2.30935788578220	1.69191227082126	2.27087635066605	2.79717835970844	2.76868861709592	2.28158846132616	2.94865074920010	1.68895393742385	2.63236943463690	1.98308604794832	2.78035573668714	1.71966683739546	1.29756733849944	2.98325915554746	3.15475598852310	2.49055244343000	3.38562022902579	2.56894910093130	2.14662490974360	2.43822620119107	3.53987790396120	1.66439930265180	1.64883791519082	2.74634904103398	3.13355829996963	2.31325952742402
3.56196441627600	2.41422631045792	1.70282576583446	2.48216243860856	2.49126510008997	4.21515900989596	3.04281407949120	2.67987517423521	1.88116672790328	1.13411016640376	2.92905012687840	8.24831566256151	2.86613819619647	2.23738848835773	2.54800453012111	7.79349263819661	13.0025148100000	3.90602358024096	4.21845472857501	2.31312501910425	3.49985435806368	1.88042662774598	2.55266525178805	2.36654237637560	2.31179469694138	2.45259898318619	2.68986529169860	1.73724187993251	2.73511924582992	2.02229061912810	4.31899274228968	2.00929082677260	1.85053031782464	1.99431244896108	2.75194906145756	1.74103788947113	2.74205609162784	3.26705441392939	1.91123179105990	3.03319744708680	2.60309207825098	3.03799820460142	2.55010667570712	3.00454745844547	1.51779462604784	1.09629174538620	1.55846315006481	2.66325783590448	2.30183330804388	2.99976655681920	3.52146171786410	1.69126703932145	1.88106360204800	3.01802925758400	6.36762155456238	1.28958735483864	2.60442915787045	2.35565122924086	2.73029861259450	2.37367945419462	2.62400245255863	1.06361079144992	2.65727191064972	2.69109886287680	1.82880767379532	2.83821865435755	2.08162253981144	2.98798879604072	2.71100926666536	3.15597860712045	0.611917963415190	2.55231339635962	2.10994009656528	1.81968973916387	1.48703100053838	1.22361450005026	2.91210571430640	2.66833303053512	2.85209880952914	3.60177916089286	2.21135873776910	2.16755165858517	2.22210663908398	2.95346493584772	1.71262778404848	2.13493361137734	2.44376581080482	1.51005434390148	1.94116523201531
3.40853211490400	1.67835870729728	1.80457397824832	3.85202586855936	4.07869233391968	5.37382920983552	3.41630063481600	6.56590354426048	3.64552299294912	3.16152875315200	3.47386078200000	3.43285627482144	4.40840126864384	4.16345526194304	3.31638158874752	3.55402046496576	3.90602358024096	15.1663513600000	4.73218164375264	1.66358270644800	6.02442853371904	2.94481196300480	2.89422615035136	3.14416655291968	3.05468997944032	4.43608287024704	4.39308273269952	3.12192563101472	6.08800406227200	4.69384329422016	5.48382556735104	2.52843808230720	2.20919185936896	4.18653639169088	6.09661581831232	3.42924664931648	2.14571990004736	4.95727299060384	3.58184636655104	1.93604739058080	3.97663175144960	2.44862500561472	2.03179355706240	5.03288694295840	3.20574272844672	2.44290826085760	2.75135358153504	4.43830305678272	3.70965753691904	4.47849114700800	4.45732013712000	3.63911814081440	3.03590899281920	3.96656283944448	5.02835827371360	2.60203867425792	3.92348181365120	3.95086051816896	2.76096562239360	2.95979079666816	4.69968738507840	2.71023733740000	3.73902950206336	4.61152566579840	2.51483255895552	4.43142493768800	3.32572799297152	4.88525537138816	4.93320017876736	4.38273896173120	2.93118911113088	3.94859847695872	2.96562095492096	2.65710198880288	1.73788392938784	3.18185394103008	2.79912758325632	3.48966258494464	3.59577698351040	4.46603243994784	3.60641640252800	4.59570166282656	3.67879471445120	8.34342287179392	1.86429038305536	3.43554036968448	5.30471641072832	4.13757198872160	3.10752540004256
6.95627454291375	3.59692786328892	3.25779876748224	4.74034992748656	8.73177117588765	8.37508669918452	3.95860109741055	5.78271043997934	2.70733336927074	5.40953107770096	3.97813619635320	2.07414542201445	5.56476761835150	4.23235961138412	3.24459376677684	4.16076083220294	4.21845472857501	4.73218164375264	16.6537448100000	2.01167629845975	4.70745059316096	4.77738914632458	4.22277718112691	3.22912752550638	2.34235226085588	4.35297490358283	5.35693850425254	4.37334546069708	8.37561192570576	3.61473664481424	4.73746331266572	3.14177754968280	3.97794435161184	3.76895060986638	3.65760737425920	3.87486263524470	3.81432929150208	7.10488700667711	4.39892781314652	2.91608049814830	4.09865009818332	4.30392905868846	4.42253195666658	7.92340092358218	2.31715007688864	2.57644487858508	3.41975002058469	3.57238940750802	4.22633781575580	3.97016596196100	4.46484587342430	3.93532139931555	3.16506132867780	3.01900195594008	2.78619758284782	2.68387911067824	4.14702847066560	5.51696602640016	3.92404999432455	2.83145144852466	3.20664324624072	2.75030544582675	2.67249510631062	4.34447747934840	3.00346789174398	4.34140939751490	2.03978412117936	5.94417063716052	4.80713685952896	6.75508093507860	1.67918739215772	3.45613184275272	4.10646907646556	2.93587888859715	2.32493714130861	2.35597578601449	2.34313644251898	3.19262682794562	4.15318061023992	6.35395524802530	4.58841637017060	2.27267299624365	3.18267989741367	4.90229348033880	2.38967562927600	3.34080785079918	2.32581120846702	2.83480677225837	3.02053535085036
3.17007894571875	0.653451093048000	1.71729283104600	1.95320929926525	1.95582600348525	2.54867084335500	2.08780229706750	3.98026106996700	2.97578115970200	2.69147255122200	2.25832757514000	2.42696345890050	4.10268055888275	2.82048211446300	2.42385164303100	3.03941484399150	2.31312501910425	1.66358270644800	2.01167629845975	7.99475625000000	1.72378447020000	2.66548750954200	2.58495229414500	2.19227849558250	2.31338105233950	0.912293149833000	2.53309603971450	2.39183231739075	2.18829843250200	1.75188570844950	2.44682748956100	2.69671579427250	1.07277040166400	2.27679424059750	2.09637039199575	2.51081671896900	0.989308175232000	2.97228063327000	0.864099539374500	3.26849588383500	1.65953520240300	1.53097787177400	2.70049591182150	1.99309722347775	2.27094046452000	1.19504897448300	2.33186569589025	1.29442219374000	2.27919872341200	2.06948753622000	1.94505357881250	2.15498124421125	2.47115381399250	3.16571521266000	2.87880800161500	0.962158635594000	2.51707795306500	2.29779239790750	0.733442378028750	2.66078897136000	1.48849082360550	1.40152422590700	1.91054364272850	2.72243600947500	1.44633219465150	0.833120511210000	1.48270717518300	2.52446631009300	1.02880656099000	3.27758825155125	1.40491093104375	2.93415580686150	1.89268936174500	2.52251974457925	2.25637763557050	1.48040374891500	2.16527868055200	2.15370979012800	2.10668719727700	2.90893011745050	2.32834971349500	2.05434809236800	0.971295853680750	1.65226710460500	1.74596509140300	1.55330497331100	2.82141318108975	2.42353512928800	2.68581802595925
3.94210520948000	1.95087363644928	2.27589705262688	4.18311402015744	3.96127427992032	4.52574584887040	3.29675596140960	5.08852618529248	3.13269445966848	2.95362342478336	3.25874665235840	2.64263512711488	4.14123584920032	3.10776991275360	2.54786751051424	3.63254420568192	3.49985435806368	6.02442853371904	4.70745059316096	1.72378447020000	8.99040256000000	1.83729114950080	3.60324501025792	2.56942979079488	1.89120048831104	3.14846453607296	4.07201692735808	4.02534433638944	4.34485532969472	3.59523552526272	4.76616990828160	2.44006259884800	2.11314795116544	3.63913135586048	5.18928817079040	2.91805223620736	2.34098909424640	3.73987765342976	3.14976688931392	2.18591301862080	3.20975754522432	3.80908946996352	3.73218114142656	4.37242906585472	2.74908633464192	1.27083888398592	2.74151819673600	2.97236018950976	2.90664079235840	4.83785461203840	4.06425543343040	3.38967896802720	2.13743906419200	2.69203509780480	3.02702858977120	2.11236746284800	4.25709054765600	3.71976951859104	1.57287918246720	2.73378883456224	2.87642703096320	2.27189819358976	2.81170234281728	3.30060664911360	1.73602503851328	2.63314404512640	2.88147864892928	4.03722898562752	2.95954601318400	3.11319698527040	2.63494336727584	2.92706516694592	2.91836621186432	2.46513716471008	1.71762143230752	2.68169711503776	2.24621122341760	2.82014250059776	2.83410720618048	4.70784537479840	2.99110787770720	3.10333047751584	2.91790979151840	6.82230848147328	2.29959142198656	2.90162330637888	3.68040434205504	3.16225173247776	4.58834365405920
3.09563347627300	3.05925438201680	1.28511349616224	3.36516454271196	4.25027281517526	3.31128872471096	2.29459064308740	4.26254226059648	3.01173849875928	4.04568459627024	1.87254243771000	2.11359200018460	3.85080500272988	2.43144857470062	3.61840148567686	2.77055909005896	1.88042662774598	2.94481196300480	4.77738914632458	2.66548750954200	1.83729114950080	12.9182736400000	2.61095368014122	1.71491877262886	2.80768694135770	3.23946719406348	3.83527391030424	2.26654872056564	5.34981725028864	1.35317311784352	3.89833718137136	3.33691469572020	0.619143033768960	2.29234789391636	1.63134204822660	3.29045615673462	3.06753592775552	4.91159441385096	1.71334401379448	2.44325095850430	2.70049620865988	4.21375266474296	3.05300049630084	3.36778637251642	2.30108879782376	1.40121469885680	2.88934226574426	2.40925395300532	3.69379301621632	2.07292407645960	3.55633277036420	2.92116811853620	2.43650722034860	3.50483915361888	1.52492517410470	1.77382520295552	3.72273826039800	3.39325035724470	2.81903380919250	3.32862515684010	1.97400796275826	2.30735645004456	2.07802294300268	3.49170072660280	2.77556821589760	2.04057669698100	1.68156249006824	3.33659977191620	2.29666585150080	4.67407029504920	1.92520258010008	2.08661090076096	2.92708545486560	2.01927766150838	1.53994231605786	2.71750252358278	2.03807724070104	1.91823419545888	3.40799766211692	4.26090812018680	3.31823980220090	2.05229724947676	1.80191149623570	3.09177609960408	2.52312671791440	1.29447545338908	3.28999701529620	2.21897560218906	2.82845225394480
3.81028040221625	0.726183961740920	1.91120359477877	3.99187535286409	3.19931190642264	4.19166055759052	3.10954732563150	4.54076753730523	3.05719281249744	3.67990536450992	2.58960629642960	1.95088301554935	4.27776985903878	3.23183136252807	2.38469140327948	1.88380567695423	2.55266525178805	2.89422615035136	4.22277718112691	2.58495229414500	3.60324501025792	2.61095368014122	12.0485352100000	2.83888735170299	1.20453314992463	2.81175793387675	3.89230605205242	3.65925773060771	5.08799650287528	2.52488574309744	4.02830124044712	2.20832256022980	3.58748696601552	3.75655891401748	3.22994192443356	2.59275500170293	1.40987417023648	5.14427670619107	2.44201051272614	1.85870527536015	1.93164032742186	2.23604969314540	4.08069799200864	3.55150102300199	3.35393474949624	2.16310230930672	3.15645446659212	2.12818633738062	3.10578695734768	3.06124599375240	3.03621639149080	3.15723305445450	1.75856092851900	3.16082936466792	1.13357531799377	1.27833280926048	4.02708123314485	3.55784937680069	2.70678736786005	2.66834573683704	1.69570123779771	1.82799930621013	2.77039117147852	2.85120597008000	1.84456781377332	2.56229762891670	2.97591259908888	3.94380623097990	2.27643769246824	4.57637779066980	0.347630747959290	1.74739313147906	2.50778791256952	1.51906833255108	1.84567907428947	1.32992310662171	2.77530674544582	3.61802559065766	3.57872944319532	4.34950507054211	3.06095840791075	2.83527741707496	1.77601358946754	3.44088960326808	3.63957292222524	2.68366440924144	2.88051411649961	3.37194427276980	4.10885482940163
3.43151506795425	1.35888308605144	2.10952944052785	2.24197564532232	2.53939203164187	3.29855179941504	1.86289911682380	5.09095977620076	2.09667213380088	2.76418148120408	2.46545822065900	2.28329490177399	3.25848286839608	2.77795864116291	2.70491057593798	2.17103073105501	2.36654237637560	3.14416655291968	3.22912752550638	2.19227849558250	2.56942979079488	1.71491877262886	2.83888735170299	10.2572872900000	1.74686886811538	1.50904716946302	3.27314299513006	3.50852893698521	3.68316321227520	2.76293235005820	1.73007553436536	1.69736951136270	1.32615529685904	2.91054236284944	2.77989228858249	1.10123250288233	1.48919999336576	3.51182962295117	3.23611327011934	3.14741955804885	1.43909354433080	2.25256280046368	1.88884920751416	3.37541142673427	2.22351118306632	1.43239904172612	1.35646714980372	2.61769827179168	2.63088974087044	2.65494670278000	2.23564299913660	1.66515870840970	2.07514281767450	1.89918036700128	1.53611381233006	1.00610386704216	2.66273457705930	3.22227897527359	2.17100580187875	1.23381141827697	2.35819044289257	2.16422329452266	1.32762691252798	2.72771977169240	2.45855421343382	2.87713925649855	2.23662198381856	3.05389090017200	2.63007396834264	3.76455977512660	2.07228517465088	2.82909048104202	3.04564603583240	3.11921310499773	1.48243447441155	2.85206601958985	2.84559796677110	2.08163374193476	2.52892420750116	3.01963879167946	2.27424805188955	2.25571623621201	1.99836909958007	2.16497656251672	2.12872645411296	2.23310083167108	2.18398150441797	2.16327165032979	3.16170640561405
2.11528254013400	0.746896388173160	1.03036795993700	2.11513618377413	2.29366515370278	2.12990521841524	2.42226551252295	3.73624713357847	3.50005577714670	2.55517115178640	2.67506173892230	1.93932726885360	3.22485789531464	2.88482557296225	2.49472404953979	2.13444488595930	2.31179469694138	3.05468997944032	2.34235226085588	2.31338105233950	1.89120048831104	2.80768694135770	1.20453314992463	1.74686886811538	6.20557921000000	2.24389480890327	2.46025170379026	1.89020819972919	2.33010464912952	1.55591368081812	3.15604948342684	2.37669995420340	1.51466873840256	2.16893219300632	2.69029346773720	1.92064626159093	0.839704380307520	3.56011674917802	1.74984998741418	3.19975283762820	2.30371987451192	1.46699155507554	2.62596022482870	2.43935557976706	1.95690509920724	1.29603228000516	2.00261948281587	1.30826804555458	2.99792347819104	1.42971820378140	2.33755344866280	2.71027435414710	2.26608132845600	2.28235078824984	1.64184268115634	2.07418153248000	2.42371607382520	3.31609437925599	2.65811170288605	2.70196904418480	1.63193999292753	1.89472359723328	1.75277589197970	2.88577102139080	1.61400699473872	1.57784133397770	2.09959252713964	1.93446443090654	1.63043920108488	3.28703264889870	2.27555188482048	2.60175205979694	1.76753722239584	2.28359103295417	2.17085013797811	2.01273253621905	1.80616635187566	2.23890295912920	1.97610779636856	3.41351326346917	2.74074773009155	2.59809158962782	1.43925510312108	2.22439971115704	2.10597117203460	2.08642834904724	3.89724384434044	2.36763181461690	2.29285927114461
3.74837006661675	1.76887069626048	0.431987063040910	5.07746615631816	4.02256481412165	4.39788616266300	2.88118449252945	3.94900359397257	2.53895054424888	2.39016658403096	2.82362945642750	2.30980779550884	4.18472313129897	2.90780332902660	3.89400986384814	1.87238592824619	2.45259898318619	4.43608287024704	4.35297490358283	0.912293149833000	3.14846453607296	3.23946719406348	2.81175793387675	1.50904716946302	2.24389480890327	9.95213209000000	3.39570741770504	4.47390238107806	4.60015559945304	2.06798854730580	3.84366587097584	2.25079322262480	1.48468859191632	2.79306933113346	2.40231594984387	4.80972647424653	1.84077659610624	3.68994337838711	2.28315464439338	3.59780147399610	1.92058941016346	1.63459293942266	2.29777100863560	4.02928858396665	2.48575998669908	2.13518484221112	3.20394751253142	2.60981749097014	3.87841722847760	2.59153947400920	2.66702622082600	3.64897087677255	3.08605926134380	3.43377255284712	0.140520783211700	2.00022772262112	4.04492788460600	3.93410566202937	3.22507239922935	3.91602219352461	1.91936659765279	1.96741987199973	3.09903134799458	3.85597254117220	3.04583102033888	2.71113575359680	2.48512923724296	3.97498484856434	3.27358899584760	3.55593607334935	2.87328980435784	2.74795083697106	1.38204761720956	2.19337375407689	1.93393411073457	1.85115445622312	2.98272476685314	2.32824475067236	2.75671445791896	3.68472064634911	3.76522765718885	3.25330487329419	2.14987085276524	4.00469922718068	2.31273720702492	2.52589823862462	4.24547808623978	2.96026662002019	2.88796889318469
