21.9042720400000	-0.301406082343380	1.40878518233824	1.06836923236974	2.59312315477726	1.45094931287516	3.15314779330740	3.27065229701280	1.56072920357900	2.27158633082654	2.48308407506544	0.772253777747900	0.516267712843960	2.29966013517450	0.867962307837240	1.98247462233730	2.43792000746756	4.26789091608264	1.39037839006080	2.44487383458696	1.19699028892520	1.65185139273924	2.86415261571390	2.50131731616648	1.72735138880892	2.92471322664360	3.39177242604550	1.55230429927174	0.0120702732416000	2.08043354843730	2.14371940753362	1.88688636496360	3.12515491148952	2.33161735091712	0.521358614902580	3.28130602722496	0.483844231708320	2.31079320632244	3.24448101970594	0.949529766201100	2.02600330496592	3.11599362825842	2.04487127572700	0.767712316192640	2.33428886711160	2.07601107254268	2.15831401918832	2.33367939836304	1.69237848666432	1.44923964611160	1.45981499233416	1.96861797572622	3.14271261579870	2.66820704409336	3.02545344396512	1.59091755177222	2.48612333142264	1.15274691729162	2.55802284588816	3.85955131384200	2.79440261086784	3.21960045216726	3.68207940051630	0.756256334177680	3.67649243984750	3.08840692836200	2.62581624304608	0.650705721180480	1.78221372940520	2.73031935052800	1.01353896986426	5.00987504260698	1.47023396371432	2.65854175340040	3.07678958802768	2.69088615319664	2.58441097136964	1.26677364581250	1.58007035706870	1.08783793675410	1.36340617047110	2.97314076681216	3.17262931675956	2.11912705279520	1.87074358293060
-0.301406082343380	17.1321488100000	-0.0194773785985800	0.617429704285800	1.56011752776411	1.37370069933138	1.94987407875561	1.55911469254317	2.51018544435750	0.775501410517470	2.42359304767272	2.05415288740620	0.687158048704050	1.97211189185325	1.50406354084707	0.0833097443560200	2.01246355722069	2.29874077169352	0.0583358247334800	1.75531708765224	1.49751596892177	1.58690560001589	1.02861628203285	1.69209232107930	1.98254144288655	2.46577201310664	1.59580923582402	1.01117110136805	0.263600151391080	1.52679965398506	1.87964110312965	2.16425270112975	1.78978377070584	0.856963342669140	0.539183483212500	0.241898634030060	0.292474527891840	1.39300443399285	-0.0522043292131200	1.74136578586740	2.36012155679916	0.886833511298280	1.24479789926436	1.70675767142244	-0.173074040987400	1.33660730864934	1.80091235322873	1.78300333880928	-0.228752298618480	1.27415047757760	-0.00794105209296000	0.747579339932670	2.25253122145821	0.899979401342700	1.18832274898848	1.23674842634427	0.858046673451240	3.26874181366656	-0.282564790698960	1.67054986602000	1.03917501561888	-0.569184799639050	0.905870489242950	0.317847092513580	-0.122146962288750	-0.487241350255800	1.13884600720464	0.495563383324800	2.28872048990130	1.22950104560640	0.418174917464430	1.85341042526283	1.46347510281714	1.71540720001728	1.37932969072752	1.32390130973562	1.90120378017591	1.74211562936250	2.00831886364095	0.166747172082750	0.559202687385300	2.03227150379904	0.546321515550930	1.52589503298456	0.680239925506890
1.40878518233824	-0.0194773785985800	15.0994416400000	0.787415586381180	2.36626131085216	1.88183061021368	2.88019450423228	1.14140913674162	1.63952933786200	1.69563837882556	2.49762958118916	-0.591082807332300	0.519528602382680	2.65104628795800	2.42085101645028	2.89781848718232	2.45534953471022	2.40536551164294	0.760647536928240	1.32567344594584	3.08874287845116	1.62254450062188	2.94452769789840	2.65143808850904	3.60262768662684	1.19908027901968	2.40897194671490	2.71091328260434	1.58140982400218	1.76537219061462	1.88346376260402	1.57097660215980	1.51502465787296	3.15839933600820	2.78734722895294	0.801645746972000	3.52800329516544	2.89061762493756	2.98390071872176	2.20742013841720	1.99236106277736	1.88688242921412	1.68198605495800	1.90143199595908	1.68506060677750	2.60592983712984	1.44434404060466	2.25961113112656	0.0703965893802600	2.44937012512296	1.89251763269448	3.70278960892370	2.46705315824412	2.71388669637576	2.67444329749712	3.02161727857206	0.715445771029600	2.93150779380954	1.43221384482700	3.55819321468200	1.29281769665408	0.484822067145660	0.725527903458960	2.37848658321848	2.88410628430250	3.65846854910340	0.762679799448000	1.44783385388128	1.93679842358080	1.04953754465280	1.73558933973446	2.77051862807342	1.40044980482796	1.79263298670816	1.28002713830992	2.26931267509220	4.53672245255250	3.92934966634750	1.59412420007160	1.31025634326448	2.91247785808652	4.47320856466176	2.77420623362158	3.23846627531744	1.60363268894448
1.06836923236974	0.617429704285800	0.787415586381180	4.49736849000000	1.46868855593223	1.02618700664172	1.50856137180696	1.90506211417335	1.87556805372300	1.08743532400737	1.88045051588460	-0.457145194224300	0.474177105120180	1.54437903985575	1.49629978618257	1.22755988706780	1.30302224177850	1.05848326018710	0.395027631830520	0.689403815846280	1.45879785246789	1.40801959175130	1.42755416213625	2.02612430848500	2.67378205873086	2.29087054883412	2.46314409109566	1.62184336993386	0.828924033060420	1.20179427276180	1.28930842412181	1.89114894902010	1.97536627691364	1.51168301548614	0.994182357617070	1.81382973568608	1.36033482136104	2.05372651918617	1.90244430852087	1.36933146760725	1.68731385912468	1.89994188400536	2.03464524630552	0.624868169388060	1.73748338223735	1.63568943041322	1.57905102496587	1.47820734820824	0.0255119792222100	1.36272185328780	1.31150280019860	1.52455080553830	2.40382153538082	1.20101648907120	1.31770546173120	0.957335733986940	1.39174257837576	0.436133446861230	0.972726493472070	1.78767333066000	1.96248581779968	1.83901699798983	2.11807877896017	1.12282952940774	2.61671775988875	1.24477336084590	2.15347709470128	0.838185814098240	1.08716286686280	1.84228011717120	0.900946432747830	1.92760265720082	0.808928910892680	1.72696175440569	2.05594736394192	2.48705102382462	1.83681405469899	0.803856424680000	1.43709294137355	2.05112752202199	2.02139090184360	1.40558068707840	1.78148097700182	1.80051093212352	1.02015722860245
2.59312315477726	1.56011752776411	2.36626131085216	1.46868855593223	8.92874161000000	3.01016018969372	2.72512852288095	2.37484170424631	3.55545456599450	2.14605759407689	4.44421290669972	1.98309062293565	2.04352546446862	3.12906779336975	3.54581413366700	3.58464049269872	3.63195596016364	2.48904410581926	1.56137741441118	1.68718738655484	3.37303128480319	3.74952722605648	2.75080828864410	4.93684200974334	4.78104496602588	3.47841804853448	2.97915719131163	5.84239394994694	1.88510170126635	3.99148633467188	4.24091742578766	3.27501695711245	2.10330878814784	2.03037950198796	1.66082599932449	2.26049464695950	3.93170333071936	3.75308806713588	3.50321261955363	3.63475094254755	4.58566787182560	3.39572448704736	2.59619288907164	2.17769865639248	2.48300778494845	5.01000263819094	4.01845998717795	3.97487074047384	0.950015379168700	3.54668731863948	2.28774081866772	3.49692958979204	4.07378089426957	3.44633698580460	4.58145669229552	3.08777870118360	1.81292020416364	3.64100334368652	1.50998819999591	5.16589352617700	3.29299036755648	1.68069895270758	2.85126979045257	2.73708885180430	3.86225337833875	3.53555964380140	1.62008903331584	1.56483822286688	4.15449881397850	3.19238774346240	2.14793197811038	3.77475615117616	2.33666070758234	4.13344585930779	3.22937553771176	4.92205541004098	4.15558436291917	1.90085945856875	3.79140709160910	3.84450243373258	4.47347132441113	2.57886405213696	1.78075406962914	5.84163198982552	1.92508170564726
1.45094931287516	1.37370069933138	1.88183061021368	1.02618700664172	3.01016018969372	15.4653427600000	3.35264241877446	1.24945871719690	2.23714400191100	2.64704068885074	2.93718528790764	-0.151969691584200	2.71678796817582	2.58514050344200	2.07602327597000	2.44796086938858	1.94500104233260	2.31120365753046	0.901556479694640	2.73277022407088	2.66290385893238	1.26082266529296	2.70577385591730	2.20243520779548	3.62774735817858	5.14312354881640	2.69225792421334	2.25207183415018	0.534494301564160	2.32894097814238	1.49573339672988	1.64092892801530	1.66065891474392	2.38993676543916	1.86598137254732	1.90088028899636	2.25806226816800	0.232705277839860	2.96375091641692	1.73085320681210	1.79913358504488	3.38617417233914	1.58647573104608	1.74641540833032	2.10264575296510	1.70491493772236	1.42155278849178	2.04458141694464	1.39468875626080	3.70253410198728	3.33574549281624	2.87658928046840	2.39003135076132	1.06483087357612	3.43953816259200	2.32331886200232	2.17835090595304	3.56869996142814	0.598577462221620	3.88291572823000	1.28620874032000	3.89607421962780	1.37189562531336	6.80385429800496	2.67080710172500	3.07622922565420	1.25733409987808	0.388206206301760	1.19324171058820	1.39575109309440	1.84228105645430	3.18781601840408	1.37041656186904	1.76628938406186	1.93579281774704	3.35517120523788	2.11417613341228	2.28663843724750	2.34753578252130	1.21560510745716	1.92007033407084	1.81622060777472	2.70465084339156	1.80956282923360	2.39864114924532
3.15314779330740	1.94987407875561	2.88019450423228	1.50856137180696	2.72512852288095	3.35264241877446	16.3790184100000	1.52514787289266	2.51757984100350	2.48947418724537	3.32768303842986	0.185229716585500	1.75772110151891	2.31685788632450	2.17448066671263	2.05333987020682	2.72786007215024	2.86589306986851	1.44168368698644	3.57171900558280	3.80017815348992	1.74121983559689	3.14063833266750	3.17682494795682	4.47751984542948	5.05310963894140	3.37392305199621	2.96388236283304	1.43072076166736	2.72712562548716	3.22331934482664	2.58178449438305	2.76654695829928	2.15565642731124	2.63829438155833	2.51290916302608	2.89476099653048	2.59726474091925	4.32528669688146	3.01741799089080	3.00149796380484	3.15763052557966	2.09917890762763	2.33923508736190	1.79444375398910	2.65504249103652	2.82076809427279	2.37782168556352	0.391148969630510	4.35520029664832	1.52506479807096	3.60963023709185	3.11110626111184	2.28472370835066	0.610426281671680	2.61460576147461	2.29469358783912	3.75588710187057	2.69113319410294	2.75266853451700	2.28588499050944	1.32833050808607	1.83355637563206	5.18276113586364	2.73461681932375	3.27477324177480	1.62992101807824	1.88003743811680	3.28639375285260	2.09118332209920	1.67089090449995	3.39970713904693	0.401844837747760	3.78201413774703	2.19632297832672	2.37345685178962	3.55032151639565	2.81939334539625	2.81205249687285	3.45866791720070	2.89378322324113	2.43424230018816	3.03991983491871	2.74776872187888	2.55044810423439
3.27065229701280	1.55911469254317	1.14140913674162	1.90506211417335	2.37484170424631	1.24945871719690	1.52514787289266	8.29497601000000	3.00932052506800	1.41003732119328	2.89794598551876	0.494310027906700	0.414125638447180	1.97618595038525	2.71092437181020	1.39164508755623	2.74809983483607	1.79722477894344	1.14820524362136	1.35012685076884	1.53977215234251	2.98363095470000	0.972905063772900	3.63652990292724	1.91360423962863	2.42435196681296	4.03176625691126	1.79009712532006	0.922451635274570	2.81840532692223	2.39403872998656	2.18854207832590	2.91184144155112	1.44217378343592	1.54768252440667	1.40506150980405	2.42517427914048	1.64967319298637	3.28455289747978	3.23233190696990	3.47416221133992	2.28224793534452	2.87754654394941	2.08970870093856	1.68256829776185	3.31632407375932	2.99331006270447	1.08015912777504	0.685602830491280	2.47216063490652	1.17924056529528	2.66375132537007	5.33681753006622	3.10647502649906	1.56912158242456	1.52123107859358	2.92505860984064	0.804386886954480	1.50729021605666	2.75848098046400	4.99442728884096	-0.0337124037129300	7.13218982782563	0.966840472340120	1.45435189257625	2.01862660428790	4.09254192262416	1.16981536892288	3.73702176919500	5.09441599242240	1.68671227492495	2.10124255820581	1.57843422679304	3.35983878175422	5.22189126444544	3.27041715355238	4.26009768263449	1.03131150018375	2.42264337024075	-0.166335147421420	1.85579009578278	1.23274790408448	2.91554655310836	3.32889372299032	0.900309300326190
1.56072920357900	2.51018544435750	1.63952933786200	1.87556805372300	3.55545456599450	2.23714400191100	2.51757984100350	3.00932052506800	5.78402500000000	1.49753109818650	4.58903826810000	1.07323174062000	1.21964054226300	2.59735860995000	3.46404112061150	2.20372019695100	3.38440354175950	2.13978195545400	1.40186400073200	2.07108610207200	3.55093869917800	3.77891974753150	2.51920529103750	4.83265137369300	4.67394342994800	4.05019285216000	3.53562787345950	3.50670223475650	1.58237767976600	3.54849461576350	3.65689272838500	3.59538624588000	2.17803222889200	1.82919716791500	1.71748094894350	2.19911376553050	3.27508172154800	3.17588967980700	2.36936668955350	3.26987394392750	4.45292728732800	2.20992995432950	2.45948615523000	2.30186160410050	2.27291796517500	4.39110803313000	3.82414288701250	2.96030652309600	0.719219559760000	2.36604333188600	1.35728704386600	2.77532562390200	4.85830381461100	3.32283765070400	2.84965550916800	2.30971243487400	1.97597356226400	3.02263014619800	1.60254411823350	3.28789081985000	3.54385473416000	2.31560970386850	3.70546639842600	2.17630068565000	3.18236156631250	2.93233949671000	2.61815932892800	1.52403186124800	4.26546184564500	3.36814855104000	1.79876436621700	3.04350870131750	2.79998476470700	4.17608596821000	3.66415754026400	4.32731096561400	4.39095234569550	1.02586035581250	3.57457652282250	1.86105714086500	3.92162784652600	1.90905700003200	2.27545703767200	4.57452827972400	1.41763401742950
2.27158633082654	0.775501410517470	1.69563837882556	1.08743532400737	2.14605759407689	2.64704068885074	2.48947418724537	1.41003732119328	1.49753109818650	10.9806076900000	2.32086147928206	-1.04280842183505	0.532846881432580	2.02540789055475	1.34578050989005	2.90375835296664	2.41227812401875	2.12343240832008	1.16354589566046	1.69479134276088	1.93019003493680	1.45775016911953	1.52712655645875	2.06185813359552	2.22921461159280	3.34929133299488	2.60434795990005	2.50340221411176	1.43417555363667	1.73997606921476	2.19713666613636	-0.439349381549650	0.626857537252440	2.15643343461702	0.769294145262110	1.06905724126656	2.92753353279296	1.54664264463384	2.68920868876725	1.72171674451140	1.84327208555724	1.25290190644242	2.59918012048630	1.58731331109780	2.05624334696495	2.80147629701264	1.29918138460448	1.01965614039952	0.228141341900160	2.70892351212340	2.30569334293740	3.47091330956539	2.48379068508064	2.37617104708724	2.56868281987096	0.883757951591970	1.77346217281168	1.49631115356684	1.31671181791474	1.10921044166400	1.17038947680928	2.23589218564998	1.42381499091039	3.44812350515724	2.42696825317375	1.14163489012560	1.61355963233088	1.78749908023856	1.26636126246890	1.63941050058240	0.248459370990740	0.472163005519530	0.197171659432280	2.58511816944030	1.58716409518680	3.29582244866186	1.24627665835920	2.30457119322625	1.50081425912730	2.11699776492360	1.97937089338430	1.88199210937920	2.18116187248700	2.35203103551832	1.11766779670104
2.48308407506544	2.42359304767272	2.49762958118916	1.88045051588460	4.44421290669972	2.93718528790764	3.32768303842986	2.89794598551876	4.58903826810000	2.32086147928206	13.2248595600000	2.56998056878860	1.26636262022028	2.78302870329000	4.17232883247444	3.61890713949336	3.32775155415582	3.78185475258162	3.26928075925572	2.67885779589384	4.79885165962950	4.44291647080050	4.42819003546260	7.32744250589736	8.67267823690026	4.77631693933152	3.45312341879736	6.22881173226576	2.24735589736614	4.60313046076026	4.35812349343338	2.80347315391110	3.33863518772784	2.04331278706236	1.85797954627560	3.66523156420344	5.67486509243808	4.50078705978066	3.04745143692330	3.31395512944650	6.55555861161432	0.994053586374420	2.98594117065222	3.76558638393366	3.12395159820150	6.27857127769872	4.23530975324094	4.81834927416480	0.830616219636060	4.10226964983264	2.47686359366952	4.70129753575086	4.84906062118170	5.18709032004768	4.93766733042528	2.44550896375104	2.44086071108880	4.68835857477306	2.99654260551888	4.55554336380000	4.04946102185856	2.36384105059080	3.13072565121360	3.00355488601476	4.74591396435750	4.59591359860380	2.76762179790624	1.96680239966496	5.10896791951260	2.97122485524480	1.98819769717800	3.76507079551350	3.26799175256664	5.16626776194210	3.98037017488176	5.98874570571552	6.20380183981932	1.63869709929750	3.76603419085740	4.79080146512814	6.43752100366848	3.21486683785344	2.93470045622226	6.24837088861920	2.39822662696254
0.772253777747900	2.05415288740620	-0.591082807332300	-0.457145194224300	1.98309062293565	-0.151969691584200	0.185229716585500	0.494310027906700	1.07323174062000	-1.04280842183505	2.56998056878860	23.5564622500000	0.205451819967350	1.95907496668250	1.68383550259040	2.30156440398105	0.929582501641150	0.186734698116450	-0.372176074380900	-0.0363827911688000	1.90860836686970	1.50718882218190	1.59670836133500	2.41637603591280	3.72551442032430	3.17164470405420	0.541549915113200	-0.372136467394150	4.41163386790675	1.76427553182985	1.43394795454725	4.51797581230050	-0.0334306206728000	-0.712525994236200	1.10242391185865	1.24590809398020	2.61825968256160	3.44787556347030	0.905401510910500	1.31866754003775	2.54484616379820	0.805502593105600	1.16527455618110	1.28238423105845	1.81631737195425	1.02135563004800	0.830108127732200	2.66751990806280	0.668429941270000	0.771440631094200	-1.02886146490380	0.815352721849900	1.01066423444170	0.927291063823700	3.83952292079960	3.08260186644945	0.612071576854400	3.23887580345520	1.89841890033405	1.26562350992000	0.894759452102400	0.0189685472260500	0.512908727755050	-0.214986613419200	1.00281730822500	2.32484559366900	0.243835172874400	1.37371912433120	2.56688785258100	0.831526159296000	0.192171092303400	0.805718496684950	2.73452449656020	1.07575114393500	1.58448669891880	0.527471857866700	1.56040006314025	0.0214081211437500	1.37442703302975	0.817683974383900	0.312471456624700	3.53755040103360	1.08006347334615	2.67782859063360	-0.0287784598693500
0.516267712843960	0.687158048704050	0.519528602382680	0.474177105120180	2.04352546446862	2.71678796817582	1.75772110151891	0.414125638447180	1.21964054226300	0.532846881432580	1.26636262022028	0.205451819967350	14.3436412900000	1.35277713717025	1.33325259786972	1.83031532939541	1.21359006388708	0.485044111433310	0.556252739319420	2.05002787302148	1.49482022777516	0.868506534420690	2.05530619099245	2.36870422713606	3.37610229705045	2.82572767040300	0.00691473644862000	2.69594073328679	1.29959333800274	0.719263550945720	0.411787554473130	2.72772264028440	0.703263768813320	-0.512903879946480	0.747609323595200	1.76687138458138	3.21434835130024	0.672543980938500	0.152242744738370	0.956707550321600	1.20388498644348	1.51496218105375	0.538780776867520	1.79227134984326	1.13335060816780	1.47873272420016	1.71092844003026	2.11378815471912	1.74992772093854	0.448985837509880	1.28044698143736	-0.264801979422530	1.20814299481128	0.954906705835720	3.51935030957576	0.671794902233400	-0.0190244047479200	1.29670917573978	0.497281708666930	2.06446662250400	0.101502730436800	1.26624318279129	0.449532058958730	1.09761123664500	2.09609865392125	2.13777360130400	0.375814166819520	0.345483377829920	0.650955537732500	-0.0294922201728000	1.39249047978656	2.06952340311893	1.65634481653102	1.63381366284774	0.430397325238320	2.22710251491156	1.15765297450176	0.0501841867450000	1.77352568545185	4.93679933306857	1.08903351683907	-0.157462699658880	1.54233369085092	0.829662341553760	1.50625172547234
2.29966013517450	1.97211189185325	2.65104628795800	1.54437903985575	3.12906779336975	2.58514050344200	2.31685788632450	1.97618595038525	2.59735860995000	2.02540789055475	2.78302870329000	1.95907496668250	1.35277713717025	9.90675625000000	2.33315686947900	2.37180317439650	4.42698409524375	1.74687779779425	1.64009876429550	1.35577759509800	2.76215281385600	2.63599142940375	1.62094336792125	2.60945592044400	3.77806034837025	2.80545013482900	3.13329129677550	2.20292613578425	2.16817761680875	2.41489880294000	2.26123581524850	3.35304364125500	2.22613315090400	0.536635289401500	2.73675233053675	0.546759429942250	2.96878950002600	2.13365108565750	2.06668950185300	1.82260436806000	2.02567559015100	3.45482812134850	1.65993893895325	2.22051603332975	2.41598223066875	2.63855244219450	2.86472543518875	1.83557303749000	0.286554622607500	2.16682720679900	1.29428470630200	2.76650929284175	3.34480981808075	2.83830670225600	3.88177254725800	2.93854016674200	1.48119651105400	3.19370285754000	1.62771048599675	0.885291942775000	1.54665512143200	1.91703938497875	2.08189184910975	4.26437693517500	2.62093308593750	2.51518670784500	1.10075411444800	1.59416320441600	3.07439151929000	2.47952133408000	2.08137121798725	0.923139983149000	2.52194972346900	2.69575156814550	2.45027206226600	3.94909205280200	2.72614914490250	1.86085908778125	2.22021991621500	-1.86201912282725	2.58853872133150	2.70452610758400	2.13205774215525	2.60275655482400	2.02279358523825
0.867962307837240	1.50406354084707	2.42085101645028	1.49629978618257	3.54581413366700	2.07602327597000	2.17448066671263	2.71092437181020	3.46404112061150	1.34578050989005	4.17232883247444	1.68383550259040	1.33325259786972	2.33315686947900	5.68011889000000	2.10522053396603	3.05417064640586	2.62399785621600	1.43250941154312	1.68312049924392	2.89220941278962	3.64696141092998	2.26051912993065	4.45041596200956	4.61331739103103	4.20098416832824	3.27229956585574	3.77629785366505	1.31049243011653	3.38933773253041	3.22104842248164	3.01579007806120	2.01581242655156	1.22380221037578	1.84950017539123	1.89777277409888	2.76344505953152	2.85593957691048	2.58332061653640	3.92208432419825	3.92520138769068	2.02436847212158	1.68093180283882	2.03764976314666	2.04348229240335	4.30199577909868	3.50343021929231	2.64424578577088	0.764558866997770	2.56769270449832	1.29245701876524	2.92420218778363	4.31496252242809	3.30104464773100	3.04428375658264	2.35158727896243	1.69399859638724	3.39886541090097	2.00562699098553	3.49742649426000	3.36334159010624	0.380842589475720	2.83299130863477	1.83932737703512	2.73014656455625	2.69995015951450	1.88208923393216	1.09712307111344	4.15437179713530	2.93047059782400	1.38921018031691	2.34778611923458	3.18977634191618	3.75142972188762	3.00891010108600	3.52340483462482	3.67867093262563	1.59985772134625	3.04803080157735	2.12561231212068	3.81282362760292	2.13409862852928	2.40197594205436	3.87031356827656	2.24667900129159
1.98247462233730	0.0833097443560200	2.89781848718232	1.22755988706780	3.58464049269872	2.44796086938858	2.05333987020682	1.39164508755623	2.20372019695100	2.90375835296664	3.61890713949336	2.30156440398105	1.83031532939541	2.37180317439650	2.10522053396603	14.4985792900000	1.88482044542961	3.04087409107911	0.963031377037080	1.45447569280572	3.89650002510132	1.89026939054525	2.53157021309985	3.09135863117172	6.36415817304384	4.44646584932576	1.45391921077767	4.55067377360024	2.59683040967298	2.42501852610589	2.93190581491470	4.17682188587235	0.910479336948480	0.909472210198500	1.95714716357082	2.23542603184537	3.14776021331408	2.60446799028702	2.63966394624751	2.14013633230670	2.14132729024344	1.65144864055314	2.11518099511121	4.59845579024091	1.18058743161645	4.06056036473568	1.55925421082522	3.83341979503600	0.907201801677210	3.33741126238520	2.48968591938144	4.22214867965683	2.28295445300065	1.92222320342520	6.49862885922432	1.60462863779439	1.16473590759708	4.08085843438026	2.48021679280193	1.73874713799800	1.16158868362368	2.00223045532107	1.77880249097928	2.08470189758740	2.74406241278000	3.01279960179770	0.579221219495360	1.10626831008096	1.56561440785100	1.26292916305920	0.796880505390970	1.23140517782451	0.844430024631180	2.26612441900065	1.56015211446224	3.81926804466974	3.86519396101072	1.49668845053000	2.11104612686565	5.96951633470075	3.36266740445376	0.918247410487680	2.26695697793643	4.42254877787008	1.92278862174438
2.43792000746756	2.01246355722069	2.45534953471022	1.30302224177850	3.63195596016364	1.94500104233260	2.72786007215024	2.74809983483607	3.38440354175950	2.41227812401875	3.32775155415582	0.929582501641150	1.21359006388708	4.42698409524375	3.05417064640586	1.88482044542961	9.05829409000000	2.61669833940306	1.82478390540936	1.89915230666552	2.87357321176135	3.67488927137255	2.31177651662370	3.57229521820770	3.15357759039645	2.64183195103624	3.84099756779116	2.90815463917890	1.59433522174713	3.10376435027809	3.20472756649803	4.54053459257035	1.52228141071292	1.37245936696296	2.18175230565813	1.70080837942673	1.91128575330336	3.05764891877364	3.50468903829981	3.33083576951230	3.61077914754780	2.97827304697767	1.72068364035526	1.56623675915850	2.58512272104535	4.28423655269272	3.57218037016249	3.06853525046904	0.282776563344080	2.87796554898024	1.99847251621860	2.84824902080768	4.42032567212811	3.63703813537006	3.52759970627992	2.77487003916444	2.36229026261124	2.30709233331036	1.74905438267767	3.15043044191200	3.33239103860864	1.29050121319794	2.86953939602586	2.68922902987802	4.51161881554875	3.13292537059740	2.16306770131168	1.55993645242064	3.45101607914440	3.29037855444480	1.73338919574961	1.95195839697843	2.77972941410508	4.24870990160190	3.23663085029280	5.09580797243312	3.50350558693953	1.60738562585875	3.10512567912195	0.542803706395250	3.33302649884142	2.83847958276288	2.35039157528213	4.02752303787568	1.46841750144198
4.26789091608264	2.29874077169352	2.40536551164294	1.05848326018710	2.48904410581926	2.31120365753046	2.86589306986851	1.79722477894344	2.13978195545400	2.12343240832008	3.78185475258162	0.186734698116450	0.485044111433310	1.74687779779425	2.62399785621600	3.04087409107911	2.61669833940306	16.2884888100000	1.83379356032004	2.04166093671540	1.49338531490808	2.91882266903337	1.56741279482205	3.97276589809044	2.45746698690834	2.87630831479992	4.24446164402106	2.13178464848184	2.18057302518594	2.56809552651993	3.02954614754220	1.63239836424225	2.99469071387772	1.13756590624248	2.16880318450059	1.95804941193246	2.64092619015456	3.22375138898076	2.12033447408112	1.74700612125270	3.11820821453592	1.66437663789111	2.37326344321902	1.95971285695185	1.69203711683985	2.41541708606484	2.15992463674548	1.39253817325392	-0.121309054563840	2.43005921664528	1.97992818161820	2.18465995994862	4.03372046870760	2.67924601132056	3.33937121450856	2.08253926825560	1.69568002874556	3.32165474759646	2.33145178639560	3.42873387661200	1.59930859848672	2.10778241826240	1.76021221726746	2.73898866735648	2.80615561974000	2.19863188332480	1.59508160346480	1.51622470224720	3.34340803307940	2.25345025382400	1.94658113288793	3.21127571014800	2.35994667314010	1.62818293812768	1.98053409774264	3.26095224395688	2.71686055855797	1.88731154931000	1.71944279085645	3.68127714810537	2.03989391032251	2.31383517007104	3.67556894468907	2.46569718226128	1.90449446459184
1.39037839006080	0.0583358247334800	0.760647536928240	0.395027631830520	1.56137741441118	0.901556479694640	1.44168368698644	1.14820524362136	1.40186400073200	1.16354589566046	3.26928075925572	-0.372176074380900	0.556252739319420	1.64009876429550	1.43250941154312	0.963031377037080	1.82478390540936	1.83379356032004	9.54439236000000	1.72214379419472	1.78085417036964	1.33689236012970	1.76302687077450	3.07148803632468	2.20592433019464	2.60855900091336	1.01676270872652	2.02698782102478	1.03259931604992	1.41230311978692	2.01849311750112	0.294700425567900	1.52407924607952	0.671093562460680	-0.339080629111020	2.11630853003640	1.65963847505904	1.45693850251806	0.305707081614060	0.912527544308100	2.48693893094736	1.06361195209932	0.632913142431300	1.35747505851204	2.21404478998110	1.51765326998220	1.83745738667328	1.24043252966448	1.31579904077232	0.958680112224960	0.544984218005760	1.47103461386448	1.73042493707352	2.35361969244576	3.35689907509632	0.600841174601340	1.12912208284512	0.842019942350520	0.527447803339140	2.46201138289200	1.19699397153408	0.496711992976740	0.880544936755260	2.86389442174500	2.57869711724250	2.46055305015840	0.560899318950720	0.860805028546560	1.84505259254160	1.27728549043200	1.53665843267664	1.33030452109818	1.12046142447696	1.81783265778432	1.46074258176144	2.57296288591872	2.47487983804356	1.41003452146500	0.912818534894100	1.81504448138994	2.24956305333150	1.31260204809216	1.38838184677440	1.85319646102080	0.190483203148920
2.44487383458696	1.75531708765224	1.32567344594584	0.689403815846280	1.68718738655484	2.73277022407088	3.57171900558280	1.35012685076884	2.07108610207200	1.69479134276088	2.67885779589384	-0.0363827911688000	2.05002787302148	1.35577759509800	1.68312049924392	1.45447569280572	1.89915230666552	2.04166093671540	1.72214379419472	6.90848656000000	2.73624220405692	1.57868777129536	2.61551552537520	2.46754091437416	3.16100178626400	3.12924155902112	1.70747734847872	2.46393688436064	1.78591333768020	1.91646360563984	1.89994609660752	2.47995978002960	2.05255856409136	2.50977689370840	0.974086436731760	1.58754408256360	1.32191617285280	1.87253408825808	2.42737737613476	1.36234088468660	1.89582203292288	2.15288518505840	1.31742415419536	1.95817007513244	1.34465838151140	2.87642779478496	1.62491179408856	1.99020139003168	0.647955753819920	2.04341046309984	1.57802444198736	1.94195166698084	2.37178195715372	1.80206637095280	1.49628198945600	1.34339003132100	2.20905134059792	3.12085806510924	1.79075065818220	2.57175398483200	1.40761016509824	1.45268060967828	1.40904974792628	2.03743107651384	2.11444719799000	2.29665369475400	1.41806104937152	1.40031883630784	1.66350054250120	1.16320451788800	1.50451326772992	2.30123523329852	1.30248900872440	2.29383832614840	1.74216601704384	3.73414253013336	2.12020768800708	1.05699397540000	2.24620438885500	0.412540630290080	1.36167198290776	1.23937554988800	1.83703798178396	1.84123321386688	1.57186398518820
1.19699028892520	1.49751596892177	3.08874287845116	1.45879785246789	3.37303128480319	2.66290385893238	3.80017815348992	1.53977215234251	3.55093869917800	1.93019003493680	4.79885165962950	1.90860836686970	1.49482022777516	2.76215281385600	2.89220941278962	3.89650002510132	2.87357321176135	1.49338531490808	1.78085417036964	2.73624220405692	10.3703320900000	3.05832091367066	3.14477148633750	4.33548444254052	7.58871622831149	4.44811216666120	2.36617507332878	4.22391740280016	1.71622640537623	3.33134983186578	3.94448845716474	4.46169890701865	2.21288018933124	2.55199098191718	1.64803695122734	2.54218009998701	5.13527306117840	2.32359063023769	3.05016324230397	2.77784107207880	4.27887771287292	3.15472894505262	2.42359046959697	3.48411575969028	2.49564708798310	5.45066784041572	3.35187621277536	4.19340184000016	0.275289048072610	3.52279781908912	2.10052735388292	3.60321671317868	3.61567994078078	3.66816167224758	4.02019401390440	2.62420307155686	1.50161530809420	5.78893519746603	1.49916606577718	3.35765825756100	2.62825414133056	2.28651636422331	1.82917246227048	3.30918816522658	5.12393662942750	3.41594188438670	0.916298246952960	1.49279375095056	3.78818100183900	2.06300682577920	2.11157751770938	1.85968915507375	2.35040638811348	4.86253902231195	2.56572379604872	3.88701876309622	3.96667388317734	1.96760390380625	3.39174625533555	2.98849011511973	4.46853824359856	1.98141769656768	3.37336927718623	4.76270624406592	2.05756681839543
1.65185139273924	1.58690560001589	1.62254450062188	1.40801959175130	3.74952722605648	1.26082266529296	1.74121983559689	2.98363095470000	3.77891974753150	1.45775016911953	4.44291647080050	1.50718882218190	0.868506534420690	2.63599142940375	3.64696141092998	1.89026939054525	3.67488927137255	2.91882266903337	1.33689236012970	1.57868777129536	3.05832091367066	6.38421289000000	2.57697553754025	4.90050012719256	5.11181265108195	3.81984323436540	3.42407165906806	3.82720629538346	1.91481775638538	5.13642636092146	3.43297479477546	3.52394599090600	1.87368374996088	0.985245202358340	1.75710434472496	2.21433951991637	4.19272680535016	3.02960740643616	2.48137868392601	3.43480753838915	4.88379944469384	2.10840688638866	1.81460266393131	2.81790634531835	2.09231936778040	4.22677669894194	4.31571768985379	3.31309096572080	0.763720337704610	2.36356508908212	1.81371264573180	2.62441970938455	4.63187508068593	3.84628513066248	2.18959293345056	1.88852736026229	1.44013450917336	2.60725819243230	2.06463513731057	3.68174118527600	3.36402011330176	1.78227877149036	3.12171388222914	2.14526983897688	2.68100667443125	2.97455392391850	2.22349464973152	1.27610614399664	6.23300026457680	2.95507178588160	2.53743426526513	2.10826703834439	3.98119807704784	4.83754453444680	2.99927856119408	4.42356811344316	4.68334758802713	1.52970274375875	3.25691256553740	1.32665784454082	4.48628638816545	2.03475814006080	2.33720865790720	4.89050043299488	1.86821639817318
2.86415261571390	1.02861628203285	2.94452769789840	1.42755416213625	2.75080828864410	2.70577385591730	3.14063833266750	0.972905063772900	2.51920529103750	1.52712655645875	4.42819003546260	1.59670836133500	2.05530619099245	1.62094336792125	2.26051912993065	2.53157021309985	2.31177651662370	1.56741279482205	1.76302687077450	2.61551552537520	3.14477148633750	2.57697553754025	11.3198602500000	4.06532442879990	6.02696169862830	4.19001690954600	1.83120727358730	2.35177442911275	0.976645174197750	2.91794454620115	2.80755100439820	2.47219707236700	1.71292399980780	2.64304594632780	1.21267140795405	3.33281234094060	4.42164976372560	5.69835246804570	1.43305972900125	2.53644609091125	3.54058652434500	2.62949437251735	2.94281141328930	3.50930253160305	1.72387354501950	3.46642742521920	2.10233386656645	2.97842098992360	0.694243824446250	2.64283124143320	2.50830250564680	3.27769749881040	2.20129324596090	3.18005621847810	3.45836648965080	2.10167435357550	1.54151385053640	3.86548946412030	1.03128237239385	2.46353901610500	0.993035114227200	3.13435061274915	1.67315355140670	3.78326711936040	4.49610436453125	3.43149366493350	1.32230838810000	2.02009570764720	3.43181447337300	1.64071279814400	1.85010241123260	2.41079604049305	1.47515733173430	2.34496752243300	2.39504306222040	4.50908649604380	4.03307090693415	0.623087946656250	3.01973268347550	3.68799381349275	3.73210209694005	2.24996349936960	2.62762437433320	3.46556234497920	1.64131741797165
2.50131731616648	1.69209232107930	2.65143808850904	2.02612430848500	4.93684200974334	2.20243520779548	3.17682494795682	3.63652990292724	4.83265137369300	2.06185813359552	7.32744250589736	2.41637603591280	2.36870422713606	2.60945592044400	4.45041596200956	3.09135863117172	3.57229521820770	3.97276589809044	3.07148803632468	2.46754091437416	4.33548444254052	4.90050012719256	4.06532442879990	9.70073316000000	6.26141689385238	5.26897388807712	3.62472228427008	5.26124131052400	2.17104275728398	5.08113071538810	5.08778191129626	3.18230292294420	2.57212342036416	1.91396753943696	1.72276011287034	2.88730271061036	5.24393323663104	4.04857849286502	3.03222015931128	4.18793621891820	7.09188780829824	2.00545233982782	2.60919760704402	2.73116633847018	3.34749870469590	5.59292780572968	4.60838916264762	4.25091084766896	0.908664872268660	3.69797920491576	2.01408058570608	3.71080773775056	5.74038994211946	4.79206412346528	5.18360540056656	2.36525509168758	2.38648274049120	4.75655451498270	2.11922246170914	5.06062696565400	4.19057065287168	1.97511953354496	3.82697057913462	2.32737894596424	4.62188766089250	4.96948936872420	2.61156365996448	2.10267004801920	6.19189302842760	3.85434710115840	2.30653672953354	3.58768029819378	3.28114695472056	5.25425086802340	4.26887787374640	5.77952704548828	6.08675125115736	2.12416926907500	4.31117547168060	3.19462903311234	5.64550012334328	2.95315257113856	3.79945435857996	6.52389550603248	2.28011643985482
1.72735138880892	1.98254144288655	3.60262768662684	2.67378205873086	4.78104496602588	3.62774735817858	4.47751984542948	1.91360423962863	4.67394342994800	2.22921461159280	8.67267823690026	3.72551442032430	3.37610229705045	3.77806034837025	4.61331739103103	6.36415817304384	3.15357759039645	2.45746698690834	2.20592433019464	3.16100178626400	7.58871622831149	5.11181265108195	6.02696169862830	6.26141689385238	34.1488296900000	9.31266798094908	1.75046024435940	6.59561460699474	3.95367509629944	4.65346320973758	5.90326640839278	4.72468975259490	3.84883408336752	4.52258038588770	2.79525379540410	5.45881546008918	6.20650838185560	5.71117693078755	3.57464679638445	3.80191436391060	6.84833396049036	3.18490934645871	4.56300767166408	5.41633741019397	2.88936120477825	7.13778477390342	3.40990782339033	7.09665291088056	0.273168912396510	5.12432209663272	2.08105207202952	5.02955624485485	4.22151783319602	5.00109354972864	6.71312152996056	2.19467577687102	2.23357372194528	6.53553960035364	2.49347658449907	3.93984556417800	3.49997384204352	3.36328264102266	2.63026561548600	0.734597871441840	9.79657970328000	5.27181646169430	2.36407353800976	3.02654477550816	5.03648622148230	2.03052437038080	2.65273452511200	2.82793035104433	3.49965353248416	6.29059382469243	3.47284738196856	5.42352401407566	6.53519108734497	2.07333351087750	5.11066159119630	1.43762191739262	7.63408599984261	5.42489516698752	2.93216030346087	8.14882836518280	3.13637687391024
2.92471322664360	2.46577201310664	1.19908027901968	2.29087054883412	3.47841804853448	5.14312354881640	5.05310963894140	2.42435196681296	4.05019285216000	3.34929133299488	4.77631693933152	3.17164470405420	2.82572767040300	2.80545013482900	4.20098416832824	4.44646584932576	2.64183195103624	2.87630831479992	2.60855900091336	3.12924155902112	4.44811216666120	3.81984323436540	4.19001690954600	5.26897388807712	9.31266798094908	28.2300942400000	2.42086992612584	3.39452680893004	0.466087395808760	3.99638286711852	4.22990701777440	4.32567355319880	2.02078909347536	3.22225016853360	1.71094201550760	3.65782696443304	4.39989594036384	4.07984508973236	4.01853506436172	3.45030967758120	3.94321141076400	5.77251217903568	3.59905493249880	4.29873535928824	2.21640718201440	4.56918875936848	4.31789154400224	3.52942471433984	0.646983268109880	3.65733747313136	3.60234643120752	3.91662858173432	3.14991907335376	4.16393973669768	3.37749819367392	3.62237068600620	2.79878189508736	7.73649311406192	1.80107065331020	5.69576208904000	2.91780228470784	4.41994195590444	2.88005683371984	4.00197538257384	7.54999251179000	3.95556398443280	0.950753452744320	1.93000921409216	5.20325860145000	2.48171971998720	2.64095147516088	3.47229237152404	3.28334105734608	3.77099816640732	2.73809309649920	3.12801667089536	5.41829423419896	2.39380999139500	4.49160535505460	1.84708833801804	3.55562304196248	2.43375473472768	3.11082351911824	4.64721782586592	2.07784547931528
3.39177242604550	1.59580923582402	2.40897194671490	2.46314409109566	2.97915719131163	2.69225792421334	3.37392305199621	4.03176625691126	3.53562787345950	2.60434795990005	3.45312341879736	0.541549915113200	0.00691473644862000	3.13329129677550	3.27229956585574	1.45391921077767	3.84099756779116	4.24446164402106	1.01676270872652	1.70747734847872	2.36617507332878	3.42407165906806	1.83120727358730	3.62472228427008	1.75046024435940	2.42086992612584	11.1816672100000	2.57569975907664	1.73691639268700	3.27674097496571	2.89848653876607	3.19103961380050	3.71342960053520	1.20761883280626	2.33437895447169	2.03598690170106	3.66424696023512	2.18226661207779	2.58276317769169	3.30465582742085	3.46978944716124	1.68693120033620	1.54795877151055	1.98035660826094	1.95450089933070	3.71660858674378	3.52494215410288	2.49808587118832	0.848354658508630	2.50016250130388	1.94433039069780	2.35229483401052	6.44406627995697	3.52290279710306	3.72254896690992	3.65906958113928	2.02025710314064	2.65627860183819	2.16408737132203	4.51156730867500	3.80454260941440	2.17811631019500	4.03817121078903	3.96785505728290	1.75551251444625	1.90990288704320	2.87603146879664	1.20014710025952	4.17149466829550	4.55303968734720	2.12152409978040	2.07011909250545	2.07105092474602	4.02736398614445	4.03075548622656	3.89569329200856	2.85027754617606	1.07359566890625	2.44450767233190	0.959148458684220	2.85014326284303	2.93390334025152	4.47784920504565	3.25421524571416	1.40999982226299
